1	1.000	-69.467	
1	2.000	-70.166	
1	3.000	-68.571	
1	4.000	-66.625	
1	5.000	-64.657	
1	6.000	-62.805	
1	7.000	-61.029	
1	8.000	-59.231	
1	9.000	-57.077	
1	10.000	-53.672	
1	11.000	-37.721	
1	12.000	37.696	
1	13.000	-6.928	
1	14.000	-49.365	
1	15.000	-75.247	
1	16.000	-74.413	
1	17.000	-72.908	
1	18.000	-71.004	
1	19.000	-68.869	
1	20.000	-66.723	
1	21.000	-64.692	
1	22.000	-62.794	
1	23.000	-60.971	
1	24.000	-59.124	
1	25.000	-56.903	
1	26.000	-52.949	
1	27.000	-22.525	
1	28.000	32.028	
1	29.000	-12.608	
1	30.000	-58.176	
1	31.000	-75.284	
1	32.000	-74.329	
1	33.000	-72.746	
1	34.000	-70.901	
1	35.000	-68.858	
1	36.000	-66.732	
1	37.000	-64.656	
1	38.000	-62.758	
1	39.000	-60.931	
1	40.000	-58.997	
1	41.000	-56.529	
1	42.000	-51.769	
1	43.000	20.834	
1	44.000	24.781	
1	45.000	-19.092	
1	46.000	-67.616	
1	47.000	-75.197	
1	48.000	-74.076	
1	49.000	-72.408	
1	50.000	-70.489	
1	51.000	-68.492	
1	52.000	-66.462	
1	53.000	-64.592	
1	54.000	-62.839	
1	55.000	-61.204	
1	56.000	-59.479	
1	57.000	-57.426	
1	58.000	-54.074	
1	59.000	-39.560	
1	60.000	39.493	
1	61.000	-4.095	
1	62.000	-45.489	
1	63.000	-75.281	
1	64.000	-74.550	
1	65.000	-73.079	
1	66.000	-71.234	
1	67.000	-69.215	
1	68.000	-67.187	
1	69.000	-65.159	
1	70.000	-63.265	
1	71.000	-61.603	
1	72.000	-59.928	
1	73.000	-57.994	
1	74.000	-55.162	
1	75.000	-47.152	
1	76.000	45.604	
1	77.000	7.166	
1	78.000	-33.580	
1	79.000	-74.732	
1	80.000	-74.893	
1	81.000	-73.555	
1	82.000	-71.809	
1	83.000	-69.723	
1	84.000	-67.552	
1	85.000	-65.463	
1	86.000	-63.593	
1	87.000	-61.782	
1	88.000	-59.909	
1	89.000	-57.957	
1	90.000	-55.142	
1	91.000	-47.026	
1	92.000	45.455	
1	93.000	6.770	
1	94.000	-33.941	
1	95.000	-74.749	
1	96.000	-74.860	
1	97.000	-73.575	
1	98.000	-71.869	
1	99.000	-69.871	
1	100.000	-67.761	
1	101.000	-65.786	
1	102.000	-63.875	
1	103.000	-62.132	
1	104.000	-60.344	
1	105.000	-58.406	
1	106.000	-55.809	
1	107.000	-49.809	
1	108.000	47.404	
1	109.000	15.567	
1	110.000	-26.559	
1	111.000	-73.131	
1	112.000	-75.095	
1	113.000	-73.846	
1	114.000	-72.158	
1	115.000	-70.230	
1	116.000	-68.126	
1	117.000	-65.995	
1	118.000	-64.020	
1	119.000	-62.205	
1	120.000	-60.487	
1	121.000	-58.639	
1	122.000	-56.211	
1	123.000	-50.923	
1	124.000	43.303	
1	125.000	20.443	
1	126.000	-22.655	
1	127.000	-70.991	
1	128.000	-75.136	
1	129.000	-73.950	
1	130.000	-72.377	
1	131.000	-70.412	
1	132.000	-68.293	
1	133.000	-66.218	
1	134.000	-64.231	
1	135.000	-62.410	
1	136.000	-60.674	
1	137.000	-58.782	
1	138.000	-56.471	
1	139.000	-51.849	
1	140.000	17.846	
1	141.000	25.257	
1	142.000	-18.687	
1	143.000	-67.143	
1	144.000	-75.256	
1	145.000	-74.188	
1	146.000	-72.602	
1	147.000	-70.692	
1	148.000	-68.572	
1	149.000	-66.453	
1	150.000	-64.384	
1	151.000	-62.543	
1	152.000	-60.736	
1	153.000	-58.806	
1	154.000	-56.268	
1	155.000	-51.183	
1	156.000	39.561	
1	157.000	21.598	
1	158.000	-21.711	
1	159.000	-70.214	
1	160.000	-75.162	
1	161.000	-73.996	
1	162.000	-72.396	
1	163.000	-70.565	
1	164.000	-68.526	
1	165.000	-66.420	
1	166.000	-64.432	
1	167.000	-62.665	
1	168.000	-60.905	
1	169.000	-59.134	
1	170.000	-56.896	
1	171.000	-52.974	
1	172.000	-21.974	
1	173.000	32.145	
1	174.000	-12.434	
1	175.000	-57.932	
1	176.000	-75.269	
1	177.000	-74.316	
1	178.000	-72.769	
1	179.000	-70.859	
1	180.000	-68.843	
1	181.000	-66.819	
1	182.000	-64.817	
1	183.000	-62.848	
1	184.000	-61.021	
1	185.000	-59.189	
1	186.000	-56.887	
1	187.000	-52.959	
1	188.000	-22.215	
1	189.000	32.079	
1	190.000	-12.520	
1	191.000	-58.101	
1	192.000	-75.299	
1	193.000	-74.351	
1	194.000	-72.809	
1	195.000	-70.907	
1	196.000	-68.837	
1	197.000	-66.740	
1	198.000	-64.781	
1	199.000	-63.031	
1	200.000	-61.303	
1	201.000	-59.443	
1	202.000	-57.174	
1	203.000	-53.470	
1	204.000	-31.741	
1	205.000	35.328	
1	206.000	-9.129	
1	207.000	-52.661	
1	208.000	-75.289	
1	209.000	-74.385	
1	210.000	-72.872	
1	211.000	-70.980	
1	212.000	-68.916	
1	213.000	-66.806	
1	214.000	-64.790	
1	215.000	-62.928	
1	216.000	-61.131	
1	217.000	-59.344	
1	218.000	-57.211	
1	219.000	-53.613	
1	220.000	-34.374	
1	221.000	36.425	
1	222.000	-7.946	
1	223.000	-50.875	
1	224.000	-75.330	
1	225.000	-74.516	
1	226.000	-73.039	
1	227.000	-71.157	
1	228.000	-69.171	
1	229.000	-66.999	
1	230.000	-64.938	
1	231.000	-62.925	
1	232.000	-60.994	
1	233.000	-59.112	
1	234.000	-56.799	
1	235.000	-52.504	
1	236.000	-8.037	
1	237.000	28.984	
1	238.000	-15.425	
1	239.000	-62.668	
1	240.000	-75.279	
1	241.000	-74.239	
1	242.000	-72.740	
1	243.000	-70.817	
1	244.000	-68.668	
1	245.000	-66.554	
1	246.000	-64.471	
1	247.000	-62.523	
1	248.000	-60.714	
1	249.000	-58.846	
1	250.000	-56.460	
1	251.000	-51.723	
1	252.000	21.757	
1	253.000	24.616	
1	254.000	-19.231	
1	255.000	-67.767	
1	256.000	-75.199	
1	257.000	-74.055	
1	258.000	-72.492	
1	259.000	-70.531	
1	260.000	-68.380	
1	261.000	-66.215	
1	262.000	-64.196	
1	263.000	-62.333	
1	264.000	-60.433	
1	265.000	-58.426	
1	266.000	-55.860	
1	267.000	-49.965	
1	268.000	47.274	
1	269.000	16.092	
1	270.000	-26.165	
1	271.000	-72.927	
1	272.000	-75.073	
1	273.000	-73.902	
1	274.000	-72.278	
1	275.000	-70.383	
1	276.000	-68.333	
1	277.000	-66.270	
1	278.000	-64.294	
1	279.000	-62.499	
1	280.000	-60.808	
1	281.000	-59.078	
1	282.000	-56.844	
1	283.000	-52.592	
1	284.000	-10.054	
1	285.000	29.610	
1	286.000	-14.819	
1	287.000	-61.746	
1	288.000	-75.239	
1	289.000	-74.214	
1	290.000	-72.652	
1	291.000	-70.733	
1	292.000	-68.521	
1	293.000	-66.358	
1	294.000	-64.383	
1	295.000	-62.557	
1	296.000	-60.740	
1	297.000	-58.841	
1	298.000	-56.641	
1	299.000	-52.355	
1	300.000	-3.407	
1	301.000	28.152	
1	302.000	-16.205	
1	303.000	-63.773	
1	304.000	-75.229	
1	305.000	-74.192	
1	306.000	-72.662	
1	307.000	-70.786	
1	308.000	-68.700	
1	309.000	-66.603	
1	310.000	-64.592	
1	311.000	-62.661	
1	312.000	-60.881	
1	313.000	-58.980	
1	314.000	-56.612	
1	315.000	-52.157	
1	316.000	6.044	
1	317.000	26.868	
1	318.000	-17.304	
1	319.000	-65.389	
1	320.000	-75.254	
1	321.000	-74.203	
1	322.000	-72.643	
1	323.000	-70.779	
1	324.000	-68.727	
1	325.000	-66.584	
1	326.000	-64.580	
1	327.000	-62.691	
1	328.000	-60.880	
1	329.000	-59.048	
1	330.000	-56.789	
1	331.000	-52.625	
1	332.000	-12.655	
1	333.000	29.951	
1	334.000	-14.536	
1	335.000	-61.284	
1	336.000	-75.254	
1	337.000	-74.255	
1	338.000	-72.619	
1	339.000	-70.642	
1	340.000	-68.534	
1	341.000	-66.356	
1	342.000	-64.357	
1	343.000	-62.496	
1	344.000	-60.742	
1	345.000	-58.906	
1	346.000	-56.657	
1	347.000	-52.520	
1	348.000	-11.157	
1	349.000	29.473	
1	350.000	-15.023	
1	351.000	-62.043	
1	352.000	-75.289	
1	353.000	-74.254	
1	354.000	-72.712	
1	355.000	-70.790	
1	356.000	-68.649	
1	357.000	-66.486	
1	358.000	-64.401	
1	359.000	-62.428	
1	360.000	-60.643	
1	361.000	-58.781	
1	362.000	-56.483	
1	363.000	-51.896	
1	364.000	15.677	
1	365.000	25.402	
1	366.000	-18.580	
1	367.000	-66.994	
1	368.000	-75.248	
1	369.000	-74.218	
1	370.000	-72.603	
1	371.000	-70.683	
1	372.000	-68.657	
1	373.000	-66.536	
1	374.000	-64.587	
1	375.000	-62.645	
1	376.000	-60.758	
1	377.000	-58.809	
1	378.000	-56.190	
1	379.000	-50.708	
1	380.000	45.544	
1	381.000	19.252	
1	382.000	-23.598	
1	383.000	-71.607	
1	384.000	-75.119	
1	385.000	-73.875	
1	386.000	-72.177	
1	387.000	-70.260	
1	388.000	-68.221	
1	389.000	-66.108	
1	390.000	-64.126	
1	391.000	-62.329	
1	392.000	-60.516	
1	393.000	-58.631	
1	394.000	-56.167	
1	395.000	-51.052	
1	396.000	41.329	
1	397.000	21.039	
1	398.000	-22.189	
1	399.000	-70.627	
1	400.000	-75.159	
1	401.000	-73.973	
1	402.000	-72.381	
1	403.000	-70.432	
1	404.000	-68.334	
1	405.000	-66.227	
1	406.000	-64.266	
1	407.000	-62.397	
1	408.000	-60.499	
1	409.000	-58.530	
1	410.000	-55.890	
1	411.000	-49.915	
1	412.000	47.344	
1	413.000	15.895	
1	414.000	-26.313	
1	415.000	-73.015	
1	416.000	-75.063	
1	417.000	-73.911	
1	418.000	-72.238	
1	419.000	-70.316	
1	420.000	-68.226	
1	421.000	-66.118	
1	422.000	-64.156	
1	423.000	-62.407	
1	424.000	-60.728	
1	425.000	-58.897	
1	426.000	-56.436	
1	427.000	-51.518	
1	428.000	31.493	
1	429.000	23.400	
1	430.000	-20.221	
1	431.000	-68.826	
1	432.000	-75.189	
1	433.000	-74.086	
1	434.000	-72.459	
1	435.000	-70.491	
1	436.000	-68.399	
1	437.000	-66.353	
1	438.000	-64.436	
1	439.000	-62.697	
1	440.000	-61.094	
1	441.000	-59.412	
1	442.000	-57.315	
1	443.000	-53.791	
1	444.000	-36.622	
1	445.000	37.715	
1	446.000	-6.387	
1	447.000	-48.605	
1	448.000	-75.326	
1	449.000	-74.558	
1	450.000	-73.042	
1	451.000	-71.211	
1	452.000	-69.163	
1	453.000	-67.054	
1	454.000	-65.130	
1	455.000	-63.271	
1	456.000	-61.411	
1	457.000	-59.487	
1	458.000	-57.267	
1	459.000	-53.628	
1	460.000	-34.194	
1	461.000	36.381	
1	462.000	-7.946	
1	463.000	-50.845	
1	464.000	-75.294	
1	465.000	-74.500	
1	466.000	-72.978	
1	467.000	-71.113	
1	468.000	-68.992	
1	469.000	-66.805	
1	470.000	-64.795	
1	471.000	-62.833	
1	472.000	-61.005	
1	473.000	-59.173	
1	474.000	-56.889	
1	475.000	-52.946	
1	476.000	-22.349	
1	477.000	32.031	
1	478.000	-12.583	
1	479.000	-58.185	
1	480.000	-75.315	
1	481.000	-74.366	
1	482.000	-72.824	
1	483.000	-70.939	
1	484.000	-68.790	
1	485.000	-66.601	
1	486.000	-64.557	
1	487.000	-62.583	
1	488.000	-60.816	
1	489.000	-58.883	
1	490.000	-56.505	
1	491.000	-51.885	
1	492.000	16.133	
1	493.000	25.360	
1	494.000	-18.616	
1	495.000	-67.020	
1	496.000	-75.244	
1	497.000	-74.158	
1	498.000	-72.590	
1	499.000	-70.708	
